test date coco ed cd
1 2016-06-30 70.928587385509 61.2365449108447 77.3623141530091
2 2016-06-29 70.2506840198181 56.2333587962531 72.891689144235
3 2016-06-28 70.5599759795826 52.5977506227461 68.8353318565441
4 2016-06-27 71.4720194647202 50.3062641905841 65.9817139812023
5 2016-06-24 71.3971074076793 54.3425727805499 70.8602342275485
6 2016-06-23 65.8028111907014 56.894529414691 73.5594499406919
7 2016-06-22 66.385238646422 52.7594607318525 69.0286894697768
8 2016-06-21 66.7689161554192 51.0484739342932 66.9282010820669
9 2016-06-20 66.8299986389002 50.0369074080153 65.6333521711266
10 2016-06-16 68.6326791808874 45.4327538041312 59.3551588668877
11 2016-06-15 68.1741335587489 45.1067511776733 58.8928410568829
12 2016-06-14 67.7518775683718 44.9542644029226 58.6760317791808
13 2016-06-13 67.8476403865005 47.3248349240925 61.999447413272
14 2016-06-10 66.9736291335287 48.5320659554477 63.6434024104055
15 2016-06-09 66.4880746629796 52.5775186430683 68.8110616156611
16 2016-06-08 65.9703133589884 53.8442750580708 70.2960598861775
17 2016-06-07 65.9340659340659 53.8242917024822 70.2731937936665
18 2016-06-03 65.9571536818902 53.0821059014932 69.4110960913427
19 2016-06-02 65.9306430400775 53.6242396154551 70.0432725669926
20 2016-06-01 66.8273900374636 53.1022370082988 69.4348049534038
21 2016-05-31 65.8703071672355 53.1827212753703 69.5294142848927
22 2016-05-27 65.8703071672355 54.5412020785694 71.0818624534324
23 2016-05-26 65.6996587030717 53.5441073426164 69.9506636669882
24 2016-05-25 66.1774744027304 53.7243153582844 70.1585194022874
25 2016-05-24 65.1535836177474 48.7424019694937 63.9257416469797
26 2016-05-23 64.6976109215017 45.7577316545005 59.8142815051211
27 2016-05-20 64.6757679180887 46.6193698085649 61.0221344213194
28 2016-05-19 65.5290102389078 45.4544508166969 59.3858677149136
29 2016-05-18 64.8890784982935 46.3637840199425 60.6653802145301
30 2016-05-17 64.6757679180887 45.9820192023204 60.1300641969011
31 2016-05-16 63.9078498293515 43.4877119962726 56.5756733016654
32 2016-05-13 63.8498293515358 44.008645288742 57.3245282735282
33 2016-05-12 63.9931740614334 41.177456673871 53.233916117602
34 2016-05-11 64.3344709897611 44.5055244425452 58.0360942726786
35 2016-05-10 64.2662116040956 45.2998687972211 59.1669125669558
36 2016-05-09 65.7952218430034 43.9439464112023 57.2316691397066
37 2016-05-06 65.1877133105802 44.7639948098145 58.4050293788148
38 2016-05-05 66.578156996587 46.8071108381626 61.2833094817168
39 2016-05-04 66.6655290102389 46.8494980532134 61.3421700491133
40 2016-05-03 66.2116040955631 50.3290232454441 66.011032437858
41 2016-05-02 65.7849829351536 50.3290232454441 66.011032437858
42 2016-04-29 65.9317406143345 53.3185938205646 69.6884802125125
43 2016-04-28 66.7421590831103 59.0244891759505 75.55321263797
44 2016-04-27 66.4683222122859 58.7440860823731 75.3047221768656
45 2016-04-26 66.7683763027976 59.7871952121457 76.2073629501958
46 2016-04-25 67.3275862068966 56.0681612237327 72.7213251621131
47 2016-04-20 67.5647524477467 58.2937076614448 74.8966553390079
48 2016-04-19 67.5470767948896 53.9293597123681 70.3932122407385
49 2016-04-18 67.6754939050021 51.644078334399 67.6727609993524
50 2016-04-15 69.473832698547 52.5244916348667 68.7473678601836
51 2016-04-14 67.7157001414427 52.7235026234456 68.9857912436904
52 2016-04-13 66.8684451326811 51.5635854945958 67.5729456196428
53 2016-04-12 66.3358671171171 39.6308128629484 50.9945839515678
54 2016-04-08 66.9927690344534 38.6781923640035 49.6215068731662
55 2016-04-07 67.2271888746985 37.8317713660325 48.4084102310219
56 2016-04-06 67.407354820389 39.540391270531 50.8639750251404
57 2016-04-05 67.2163730276657 38.4501720217206 49.2939737442011
58 2016-04-01 67.1307719421925 44.8713917220595 58.5580586986367
59 2016-03-31 68.2030296503697 45.6841595465765 59.7104996561024
60 2016-03-30 68.3825113073444 47.0180177880967 61.5757868680061
61 2016-03-29 68.2389259817647 45.0858519920038 58.8631466270036
62 2016-03-24 68.9209562782684 47.5423371626184 62.2984170960412
63 2016-03-23 68.7342953550147 51.5635854945958 67.5729456196428
64 2016-03-22 69.1363342666379 51.4830286794264 67.4727950116183
65 2016-03-21 68.6495082202599 51.925097044942 68.0192112308572
66 2016-03-18 69.0286452724532 51.8448272885766 67.92057576916
67 2016-03-17 69.100437935243 52.005303207295 68.1175072614511
68 2016-03-16 68.3802857347979 55.1599883212039 71.7601202653349
69 2016-03-15 69.4594012491923 53.4963983687318 69.8953880917536
70 2016-03-14 70.0409218177902 53.3382761284574 69.7114540030853
71 2016-03-11 70.9849953334769 52.8628194549749 69.1516860351281
72 2016-03-10 71.0316605642903 50.512151675132 66.246271757112
73 2016-03-09 68.2030296503697 52.4248389458942 68.6273468794028
74 2016-03-08 68.2008040778232 51.8448272885766 67.92057576916
75 2016-03-07 68.6517337928064 52.4645497609405 68.6752246145662
76 2016-03-04 69.0106971067557 53.7327171929558 70.1681740890024
77 2016-03-03 69.100437935243 52.5244916348667 68.7473678601836
78 2016-03-02 68.9209562782684 54.9534914472502 71.5358462466702
79 2016-03-01 67.3199798980544 50.8597247344032 66.689419534418
80 2016-02-29 66.0492497666738 50.3484678596525 66.0360667212935
81 2016-02-26 66.1881402395037 53.3398826777838 69.7133284513038
82 2016-02-25 64.8792028102373 45.9781339721936 60.124601903616
83 2016-02-24 64.9583692219351 39.6156715079507 50.9727096664582
84 2016-02-23 65.9340659340659 42.8454265754631 55.6491906873491
85 2016-02-22 65.7941280509374 44.7779714410881 58.4249537126757
86 2016-02-19 65.8839198093369 46.4093633873117 60.7290998534832
87 2016-02-18 65.6062926353891 45.9988535094592 60.1537284984522
88 2016-02-17 65.6874388710354 49.2780625767929 64.6387986026966
89 2016-02-16 64.5837701824282 45.7309055448418 59.7764512787088
90 2016-02-12 59.3097247198783 42.4629699605279 55.0962359681519
91 2016-02-11 61.1707655005196 33.4708166484216 42.3336337590151
92 2016-02-10 63.1051175656985 42.8876870587086 55.7102397013101
93 2016-02-09 62.4827395747031 39.045141825876 50.1495882613738
94 2016-02-08 62.9871937639198 41.6299278784225 53.8897712458637
95 2016-02-05 65.1671039911614 49.6361145589065 65.1104244521529
96 2016-02-04 64.6522156674441 50.2892950376851 65.9598422695205
97 2016-02-03 65.6181469298246 46.2454416062321 60.4997433242264
98 2016-02-02 67.2996661101836 53.4354262926563 69.824596205237
99 2016-02-01 67.1724906028122 59.6624960945831 76.1025935980155
100 2016-01-29 68.0178332276027 62.4609650611985 78.2481196808656
101 2016-01-28 67.4172921879344 57.207249063726 73.8673419526529
102 2016-01-27 67.6988357413382 58.1054766319347 74.72285577561
103 2016-01-26 68.7832460732984 56.0404062309731 72.6925653760025
104 2016-01-25 68.164295226747 55.6482774472322 72.2820647116691
105 2016-01-22 67.85988416719 57.9046096706056 74.5352846875533
106 2016-01-21 67.916519278387 54.8027924209719 71.3708600789732
107 2016-01-20 68.3772733681094 52.7445134104758 69.0108639954207
108 2016-01-19 68.5803167420814 61.1779096125285 77.3178329638244
109 2016-01-15 68.6726777102118 60.1284636706603 76.4897182627323
110 2016-01-14 68.6097408462447 65.7908536814055 80.2513409157802
111 2016-01-13 68.6933037878263 66.7313297521051 80.7145762242999
112 2016-01-12 68.9997215648058 66.8315673947482 80.7614215577352
113 2016-01-11 68.8183882733466 64.3629944808448 79.4634208324061
114 2016-01-08 68.7757909215956 64.8071885929493 79.7197209218391
115 2016-01-07 68.4813950295208 65.7908536814055 80.2513409157802
116 2016-01-06 68.4815499418087 67.8941112546731 81.2290075113036
117 2016-01-05 68.4863794633713 72.5037794728765 82.7074694374409
118 2016-01-04 68.4185444890735 71.8088957188989 82.5357192360134
119 2015-12-30 66.4319404769813 77.1698190322955 83.5010179899171
120 2015-12-29 66.5847339400784 79.1845173492309 83.6952812716199
121 2015-12-23 67.5911778383047 78.0938061843821 83.598823192906
122 2015-12-22 66.3987245067428 74.6810970284042 83.1483345975486
123 2015-12-18 66.2824686109081 74.5580841514655 83.1270251059132
124 2015-12-17 67.3287716734206 75.324857429582 83.2534819044371
125 2015-12-16 66.0665648043579 71.9355257897353 82.5682323219972
126 2015-12-15 66.0997807745964 68.9776120701864 81.653322085207
127 2015-12-14 66.2658606257889 63.1048018748086 78.6811682528613
128 2015-12-11 66.5149804025775 64.4316022619746 79.5036766113792
129 2015-12-10 66.3655085365044 68.7162101531027 81.5556381851704
130 2015-12-09 66.5315883876968 68.9776120701864 81.653322085207
131 2015-12-08 66.8305321198432 68.9776120701864 81.653322085207
132 2015-12-07 66.805287982462 72.1882814872563 82.6314956545906
133 2015-12-03 66.6392081312695 73.9402806793242 83.0137992010663
134 2015-12-02 66.7641001793662 77.9748723359297 83.5871070202248
135 2015-12-01 66.68106025377 77.5286144658076 83.5408827254286
136 2015-11-30 66.68106025377 74.6504395217301 83.1430612391132
137 2015-11-25 66.3658083355455 75.9944826898808 83.3520840207566
138 2015-11-24 66.6932112283496 74.8348796510444 83.1744152190843
139 2015-11-20 65.9624104619833 75.1413738757337 83.2245801768608
140 2015-11-19 65.6260215756783 73.2869864660599 82.8822635143537
141 2015-11-18 65.9884294260732 71.9355257897353 82.5682323219972
142 2015-11-17 65.723204310968 71.427658073036 82.4344652084249
143 2015-11-16 65.7981313330701 68.8795839776911 81.6170321273852
144 2015-11-13 65.7344037904712 69.4986304802171 81.8394180333126
145 2015-11-12 66.045807555614 71.9989436577606 82.5843088792673
146 2015-11-10 66.3600264725347 72.75503056708 82.7656508788167
147 2015-11-09 66.6865236960551 74.0640998227188 83.037338672868
148 2015-11-06 66.9065463951714 74.1261109399853 83.0489657930861
149 2015-11-05 66.1377049180328 70.6928881919974 82.2245597317551
150 2015-11-04 65.5713728549142 71.3959306447572 82.4258072601241
151 2015-11-03 65.3451522826158 66.7646370052931 80.7301953680067
152 2015-11-02 65.2223230490018 66.2958792197849 80.5054615115877
153 2015-10-30 66.1847230474682 67.6627431368668 81.1316342793782
154 2015-10-29 66.1847230474682 69.3687262611092 81.7940769788883
155 2015-10-28 66.1913250148544 70.1783447422388 82.0655020854956
156 2015-10-27 66.0856935366739 68.9450613905744 81.641317191512
157 2015-10-26 65.9371492704826 69.466256133658 81.8281833177205
158 2015-10-23 65.8546246781541 71.0448893120086 82.327591347938
159 2015-10-22 65.316168218129 66.998515955425 80.8383822318837
160 2015-10-21 65.194427939526 67.2391554887296 80.9469975805135
161 2015-10-20 65.1119033471975 68.1539537205431 81.3354821219129
162 2015-10-19 65.0458836733347 68.7052170653321 81.5514659069634
163 2015-10-16 65.6895754934971 69.8940765747137 81.9732025849139
164 2015-10-15 64.6992803855549 69.253335652218 81.7532158581448
165 2015-10-14 64.4517066085694 68.1539537205431 81.3354821219129
166 2015-10-13 65.029378754869 69.7344625280661 81.9199650559349
167 2015-10-09 64.8148148148148 73.4051217630693 82.9069827071874
168 2015-10-08 64.3526770977751 72.5704488648968 82.7231061993795
169 2015-10-07 64.4517066085694 72.3220164576413 82.6641011767104
170 2015-10-06 63.7089852776127 70.0219153736273 82.0151067292471
171 2015-10-05 63.7089852776127 69.9900564220533 82.0047245271186
172 2015-10-02 63.2138377236416 65.5504851400334 80.1259475823119
173 2015-10-01 63.3788869082987 63.9676492419427 79.2266508500593
174 2015-09-30 63.4614115006272 62.4964991992247 78.2726051611298
175 2015-09-29 62.962412471925 57.8562489514274 74.4898014579782
176 2015-09-28 64.6457990115321 59.0772134672849 75.599457340867
177 2015-09-25 64.172268353763 64.1709231490598 79.3494145908538
178 2015-09-24 63.7922009945041 58.7733793538539 75.3308819623714
179 2015-09-23 65.3530377668309 62.5137121346729 78.2844414176898
180 2015-09-22 65.106882168926 58.5223940657396 75.1052321166273
181 2015-09-21 64.5505037458021 61.2476742457885 77.3707356128363
182 2015-09-18 64.1642605068977 59.6817198165239 76.118800615281
183 2015-09-17 65.0773195876289 63.7975684732041 79.1222596680497
184 2015-09-16 64.2079144109307 67.33782226588 80.9907478771062
185 2015-09-15 64.8726964901999 65.9171802996207 80.3160872883739
186 2015-09-14 64.899499447442 63.2175750584314 78.7547202129106
187 2015-09-11 64.7643163225555 64.4079003281949 79.4897971880141
188 2015-09-10 64.650981917169 64.7116376740492 79.6654506305646
189 2015-09-09 64.9889380530973 69.2212200861051 81.7417447401884
190 2015-09-08 64.8642489745426 64.3741330626554 79.469973112148
191 2015-09-04 65.5726901278503 60.6874206359159 76.938336071315
192 2015-09-03 65.4058313632782 65.2158863197335 79.9465602887207
193 2015-09-01 64.9265905383361 62.5997314484056 78.343350608798
194 2015-08-31 65.0481959098606 62.5997314484056 78.343350608798
195 2015-08-28 64.9016542920412 69.1569566833456 81.7186614393381
196 2015-08-27 64.8864892994211 69.4781847965912 81.8323278774016
197 2015-08-26 63.5415996396628 61.630866414263 77.6565442274526
198 2015-08-25 63.7064407211569 65.3497220197668 80.018992259467
199 2015-08-24 62.2696657771 58.6477757371063 75.2183851137025
200 2015-08-21 63.5768985322272 69.9578477676471 81.9941873874744
201 2015-08-20 63.6851177935261 74.3242088586842 83.0853946313148
202 2015-08-19 64.3309251326641 75.9559735794513 83.3466971007634
203 2015-08-18 63.9653740497029 80.459086139054 83.7856524589228
204 2015-08-17 64.1002628373614 80.9148084689025 83.8128896488617
205 2015-08-14 64.1539052989043 81.0282394288796 83.819292040629
206 2015-08-13 64.2485882956879 81.8757695138099 83.8627208175059
207 2015-08-12 64.4263972374984 80.8036564545145 83.8064727672704
208 2015-08-11 64.5513520457319 84.6047082913403 83.9594098260389
209 2015-08-10 65.1376737004632 86.395174580761 83.9969303305614
210 2015-08-07 65.202637192166 87.3427636365446 84.0110540651152
211 2015-08-06 65.1486809004709 88.0473995253407 84.0195516751634
212 2015-08-05 64.6546200179418 89.1321861075231 84.0299081102321
213 2015-08-04 65.5532760610335 85.8909330322529 83.9879424991336
214 2015-08-03 65.3050771496254 85.6512443443167 83.9832669432153
215 2015-07-31 64.718697936691 85.2232882939917 83.9742187516305
216 2015-07-30 64.3859311935422 84.5237536250675 83.9573087436921
217 2015-07-29 64.5367412140575 84.3616299592347 83.9529810851808
218 2015-07-28 65.7894736842105 83.519113393068 83.9277285751537
219 2015-07-27 64.7579920400565 80.9440845240535 83.8145560986832
220 2015-07-24 66.1399548532731 82.4202734822714 83.8868457575919
221 2015-07-23 65.6072900566718 85.0892314114253 83.9711895374794
222 2015-07-22 65.1749728104408 84.6047082913403 83.9594098260389
223 2015-07-21 65.6654456654457 87.0018142427187 84.0063560212488
224 2015-07-20 66.5597742432016 87.0806080334701 84.0074781894853
225 2015-07-17 65.2465937440031 85.3571494638299 83.9771489514683
226 2015-07-16 66.2198563365829 85.7312103099083 83.9848570459592
227 2015-07-15 65.093493852459 83.4918160845244 83.9268277206057
228 2015-07-14 65.1470777135517 83.3275680679578 83.9212905549916
229 2015-07-13 66.5013525698828 84.0090859972679 83.9429966601001
230 2015-07-10 65.4500902759866 81.3920304864933 83.8388610994444
231 2015-07-09 65.3473711574706 80.9160159115926 83.8129585728545
232 2015-07-08 65.2563016999935 79.5580349637538 83.7240839013144
233 2015-07-07 66.2332187560802 79.3869613516702 83.7111436054363
234 2015-07-06 65.2159979489809 82.06021141045 83.8712046362377
235 2015-07-02 65.0432553668696 84.7666933647974 83.9634972950361
236 2015-07-01 64.8467984391991 82.8339477053754 83.9033931682736
237 2015-06-30 64.2126009282218 82.6134138247562 83.8947548414501
238 2015-06-29 64.9453760162602 84.5237536250675 83.9573087436921
239 2015-06-26 65.0073113357493 87.9171458348773 84.0180957605577
240 2015-06-25 65.186975324345 89.055149067773 84.0292680001923
241 2015-06-24 65.2830788804071 91.0630791641959 84.0421941783959
242 2015-06-23 65.2222010299447 90.7358401013909 84.0405545748323
243 2015-06-22 64.4952272583602 91.0128117335569 84.041952290135
244 2015-06-19 63.6250314782171 88.151245258667 84.0206773058954
245 2015-06-18 63.598010200869 87.3165819556812 84.0107075918381
246 2015-06-17 64.2902609802673 88.151245258667 84.0206773058954
247 2015-06-16 64.47814679721 89.2091578332484 84.0305344086873
248 2015-06-15 65.3069103075537 90.5085943073678 84.0393217440858
249 2015-06-12 65.4387204522097 92.4353763350868 84.0475868159366
250 2015-06-11 65.8361840831343 93.322169342369 84.0500554139165
251 2015-06-10 65.3432855028634 93.8355650851101 84.051202816623
252 2015-06-09 66.5926748057714 93.9086310391038 84.0513515234356
253 2015-06-08 67.107502946183 95.3104414959288 84.0536207867128
254 2015-06-05 66.9247424709665 95.1662609968104 84.0534323123761
255 2015-06-04 66.7914090465343 95.1422513661641 84.0534000450425
256 2015-06-03 67.0223077424826 96.6903919349314 84.0550300822235
257 2015-06-02 67.1929023419662 96.4777318751621 84.0548535689016
258 2015-05-29 67.1525247267048 96.07439899671 84.0544813180562
259 2015-05-28 67.0223841749089 96.2880199143524 84.054684848304
260 2015-05-27 67.2175950026028 96.6903919349314 84.0550300822235
261 2015-05-26 67.3477355543988 94.7089742151995 84.0527717971486
262 2015-05-22 67.1525247267048 95.5736998401882 84.0539424893076
263 2015-05-21 67.2663977095263 94.1031834215164 84.0517310359353
264 2015-05-20 67.3477355543988 94.5804523881781 84.0525676926636
265 2015-05-19 67.8357626236335 93.084712678945 84.0494590816627
266 2015-05-18 67.1648880791254 93.5458596264917 84.050578177039
267 2015-05-15 67.1850598646538 93.1333103833576 84.0495847317866
268 2015-05-14 67.1037220197814 93.3034594131797 84.0500100094638
269 2015-05-13 68.1611140031234 92.425530031947 84.0475554703276
270 2015-05-12 66.9898490369599 93.8840204754026 84.0513018196849
271 2015-05-11 67.4290733992712 96.8017283817754 84.0551174554099
272 2015-05-08 67.1037220197814 98.8321889647148 84.0562331086267
273 2015-05-07 66.859708485164 96.4744249155786 84.0548507207946
274 2015-05-06 67.1850598646538 96.8250432653771 84.0551353294689
275 2015-05-05 67.8357626236335 95.2954925899759 84.053601660701
276 2015-05-04 67.2696512233212 95.2954925899759 84.053601660701
277 2015-04-30 67.3477355543988 100.41474306979 84.0566788860527
278 2015-04-29 67.2964928173936 99.8980224640656 84.0565613522609
279 2015-04-28 67.8673975463326 100.257872759306 84.0566456211814
280 2015-04-27 68.1250410886858 100.683262395718 84.0567313711982
281 2015-04-24 68.4141114408177 96.1928851115993 84.0545960323024
282 2015-04-23 68.6694566228245 91.9834687943381 84.0460477059938
283 2015-04-22 69.6362064378824 90.8185059852765 84.0409834888163
284 2015-04-21 69.1421683519721 92.2291778135886 84.0469104750758
285 2015-04-20 69.2926583975863 92.2537119206765 84.046993174061
286 2015-04-17 68.8456653966981 88.9279917149565 84.0281817153977
287 2015-04-16 69.4341902141083 90.6435988172316 84.0400638039441
288 2015-04-15 70.0934579439252 93.3277025191191 84.0500687908984
289 2015-04-14 70.2332657200811 92.9874384433616 84.0492018281339
290 2015-04-13 70.9431771615899 93.4003926408901 84.0502423967517
291 2015-04-10 70.8995972971128 91.9588610253981 84.0459577471656
292 2015-04-09 70.5706724570808 89.9411170040119 84.0358722482666
293 2015-04-08 70.1889573840793 85.5548484837601 83.981308973526
294 2015-04-07 69.6125907990315 85.5284366799119 83.9807645407352
295 2015-04-06 69.5474777448071 85.5284366799119 83.9807645407352
296 2015-04-02 69.5474777448071 84.3043243638393 83.9514123803724
297 2015-04-01 69.5936825053996 83.3075679980193 83.9206024590516
298 2015-03-31 66.5005501262054 82.0530554792165 83.8708815663488
299 2015-03-30 67.4713610769529 84.5716386612 83.9585562970284