test date coco ed cd sa
1 2016-06-30 70.928587385509 43.181955715692 NA 61.916783985858
2 2016-06-29 70.2506840198181 38.7048658488445 NA 62.6924193667562
3 2016-06-28 70.5599759795826 35.4356113311602 NA 66.5153834059608
4 2016-06-27 71.4720194647202 33.3684647378135 NA 65.9482468369885
5 2016-06-24 71.3971074076793 37.0062348535716 NA 68.0065332473475
6 2016-06-23 65.8028111907014 39.2979973245578 NA 62.9529644612461
7 2016-06-22 66.385238646422 35.5813008215225 NA 65.4494403021113
8 2016-06-21 66.7689161554192 34.0385547307649 NA 63.6362197528125
9 2016-06-20 66.8299986389002 33.125153681873 NA 70.0730349476612
10 2016-06-16 68.6326791808874 28.9559639562221 NA 58.2439440615341
11 2016-06-15 68.1741335587489 28.66004234351 NA 63.6515733741227
12 2016-06-14 67.7518775683718 28.5215940295647 NA 64.3358908207466
13 2016-06-13 67.8476403865005 30.6716078228584 NA 63.3952358111693
14 2016-06-10 66.9736291335287 31.7645896733233 NA 58.6036367076243
15 2016-06-09 66.4880746629796 35.4173819626695 NA 61.0435167667539
16 2016-06-08 65.9703133589884 36.557988473036 NA 64.5473999224419
17 2016-06-07 65.9340659340659 36.5400072667093 NA 60.532463885422
18 2016-06-03 65.9571536818902 35.871906193658 NA 63.42496777878
19 2016-06-02 65.9306430400775 36.3599770783158 NA 65.78090024319
20 2016-06-01 66.8273900374636 35.8900348766909 NA 66.2395187764218
21 2016-05-31 65.8703071672355 35.9625095232859 NA 69.4162542086804
22 2016-05-27 65.8703071672355 37.1848448963944 NA 63.7265871762281
23 2016-05-26 65.6996587030717 36.2878537719741 NA 66.2841776831675
24 2016-05-25 66.1774744027304 36.4500417794906 NA 66.2833898530193
25 2016-05-24 65.1535836177474 31.9548846819591 NA 66.9805262433986
26 2016-05-23 64.6976109215017 29.2508626968032 NA 62.9876537159521
27 2016-05-20 64.6757679180887 30.0322991242941 NA 62.656544471892
28 2016-05-19 65.5290102389078 28.975655635678 NA 64.8485013504695
29 2016-05-18 64.8890784982935 29.8005719529808 NA 61.7140025580302
30 2016-05-17 64.6757679180887 29.4543366100628 NA 66.1561420886959
31 2016-05-16 63.9078498293515 27.1890298160728 NA 61.0605981236744
32 2016-05-13 63.8498293515358 27.6625814412667 NA 66.1581949120614
33 2016-05-12 63.9931740614334 25.0861321160677 NA 61.4092217100545
34 2016-05-11 64.3344709897611 28.1140493398474 NA 61.0950641435589
35 2016-05-10 64.2662116040956 28.8353517724173 NA 64.0794346168132
36 2016-05-09 65.7952218430034 27.603779933153 NA 60.4350876422985
37 2016-05-06 65.1877133105802 28.3488129322083 NA 62.8780613989689
38 2016-05-05 66.578156996587 30.2024777551562 NA 64.2302668247406
39 2016-05-04 66.6655290102389 30.2408954749991 NA 63.8326756027631
40 2016-05-03 66.2116040955631 33.3890199842012 NA 63.3173531939166
41 2016-05-02 65.7849829351536 33.3890199842012 NA 64.015371134763
42 2016-04-29 65.9317406143345 36.0848460808839 NA 62.374553513307
43 2016-04-28 66.7421590831103 41.2057251715403 NA 63.6431346551355
44 2016-04-27 66.4683222122859 40.9548467659516 NA 66.098237316358
45 2016-04-26 66.7683763027976 41.8877058819173 NA 64.2792278629799
46 2016-04-25 67.3275862068966 38.5565992844831 NA 67.2394951718536
47 2016-04-20 67.5647524477467 40.5517189265524 NA 61.2144476928857
48 2016-04-19 67.5470767948896 36.6345440540449 NA 61.2443157214214
49 2016-04-18 67.6754939050021 34.5759097119221 NA 63.7043617116997
50 2016-04-15 69.473832698547 35.36960183149 NA 60.010105469929
51 2016-04-14 67.7157001414427 35.5489072591856 NA 66.4187709965364
52 2016-04-13 66.8684451326811 34.5033086072229 NA 61.059793334123
53 2016-04-12 66.3358671171171 23.6758261260365 NA 57.8067140716483
54 2016-04-08 66.9927690344534 22.8062095221298 NA 61.0160782917533
55 2016-04-07 67.2271888746985 22.0329272029129 NA 68.2464660288704
56 2016-04-06 67.407354820389 23.5933147156287 NA 58.4622537161579
57 2016-04-05 67.2163730276657 22.5979486384768 NA 65.5987921831978
58 2016-04-01 67.1307719421925 28.4463424023409 NA 66.2442110219441
59 2016-03-31 68.2030296503697 29.184108354076 NA 58.8329843868351
60 2016-03-30 68.3825113073444 30.3936177419561 NA 65.7342812578456
61 2016-03-29 68.2389259817647 28.6410684077803 NA 66.9381421266954
62 2016-03-24 68.9209562782684 30.8686234368923 NA 63.3134737613801
63 2016-03-23 68.7342953550147 34.5033086072229 NA 64.8521060890025
64 2016-03-22 69.1363342666379 34.430643646019 NA 63.6680965011197
65 2016-03-21 68.6495082202599 34.8293283119387 NA 64.3195882046106
66 2016-03-18 69.0286452724532 34.7569498762048 NA 64.9186842660355
67 2016-03-17 69.100437935243 34.9016432718131 NA 65.1868112276622
68 2016-03-16 68.3802857347979 37.7410156022692 NA 62.735459285667
69 2016-03-15 69.4594012491923 36.2449101893975 NA 64.1999705824894
70 2016-03-14 70.0409218177902 36.1025660992724 NA 62.0668934927701
71 2016-03-11 70.9849953334769 35.674406600856 NA 62.4025382616496
72 2016-03-10 71.0316605642903 33.554398082857 NA 66.5889342498159
73 2016-03-09 68.2030296503697 35.2798021964361 NA 65.2374672196273
74 2016-03-08 68.2008040778232 34.7569498762048 NA 67.0605795146177
75 2016-03-07 68.6517337928064 35.3155877892613 NA 63.7446969368902
76 2016-03-04 69.0106971067557 36.4576026950753 NA 63.0929246320024
77 2016-03-03 69.100437935243 35.36960183149 NA 65.971445942087
78 2016-03-02 68.9209562782684 37.5554565108524 NA 56.8829850331564
79 2016-03-01 67.3199798980544 33.8681951118151 NA 67.8766977466509
80 2016-02-29 66.0492497666738 33.4065813513892 NA 65.0717358705813
81 2016-02-26 66.1881402395037 36.1040124620158 NA 66.4134917999286
82 2016-02-25 64.8792028102373 29.4508123023058 NA 67.7867239709234
83 2016-02-24 64.9583692219351 23.6620098168576 NA 62.528369246066
84 2016-02-23 65.9340659340659 26.6048447415313 NA 60.6531004192506
85 2016-02-22 65.7941280509374 28.361505982069 NA 59.5054534336218
86 2016-02-19 65.8839198093369 29.841900791326 NA 62.723338777775
87 2016-02-18 65.6062926353891 29.469606923405 NA 65.4168401222544
88 2016-02-17 65.6874388710354 32.4393241177038 NA 61.8767500244571
89 2016-02-16 64.5837701824282 29.226523054937 NA 67.095445661791
90 2016-02-12 59.3097247198783 26.2568184744993 NA 68.8703811551888
91 2016-02-11 61.1707655005196 18.0399096618703 NA 63.3151759454174
92 2016-02-10 63.1051175656985 26.6432931667579 NA 63.0260949445193
93 2016-02-09 62.4827395747031 23.1412726744004 NA 61.2360581759164
94 2016-02-08 62.9871937639198 25.498344328052 NA 60.1469399827544
95 2016-02-05 65.1671039911614 32.7629910939408 NA 64.4158356306369
96 2016-02-04 64.6522156674441 33.353138430111 NA 61.9947782457832
97 2016-02-03 65.6181469298246 29.6932570298813 NA 59.5990120324475
98 2016-02-02 67.2996661101836 36.1900250607921 NA 67.7153425740076
99 2016-02-01 67.1724906028122 41.7762468895172 NA 63.8618210569581
100 2016-01-29 68.0178332276027 44.2735842449112 NA 63.6312729846498
101 2016-01-28 67.4172921879344 39.5783812135043 NA 65.1591067450712
102 2016-01-27 67.6988357413382 40.3831734295595 NA 64.5072177282584
103 2016-01-26 68.7832460732984 38.5316861892119 NA 69.3780624808091
104 2016-01-25 68.164295226747 38.1796256854859 NA 66.1999361134001
105 2016-01-22 67.85988416719 40.2032730912397 NA 64.8919567651912
106 2016-01-21 67.916519278387 37.4200109373078 NA 62.0395701338463
107 2016-01-20 68.3772733681094 35.5678353871957 NA 68.7542851349271
108 2016-01-19 68.5803167420814 43.129638825887 NA 62.9277311966674
109 2016-01-15 68.6726777102118 42.1926554954324 NA 64.3517549813428
110 2016-01-14 68.6097408462447 47.2339536718823 NA 69.0013598251109
111 2016-01-13 68.6933037878263 48.0677895506784 NA 67.3224072400683
112 2016-01-12 68.9997215648058 48.1566010352105 NA 70.3909496650022
113 2016-01-11 68.8183882733466 45.9660669629896 NA 66.0727468009457
114 2016-01-08 68.7757909215956 46.3607425583376 NA 65.4968731750175
115 2016-01-07 68.4813950295208 47.2339536718823 NA 65.8657887380124
116 2016-01-06 68.4815499418087 49.0973044447978 NA 66.9667082373779
117 2016-01-05 68.4863794633713 53.1627433168494 NA 65.70888124998
118 2016-01-04 68.4185444890735 52.5515636196843 NA 68.1361705175467
119 2015-12-30 66.4319404769813 57.2507681929147 NA 66.9566505994367
120 2015-12-29 66.5847339400784 59.007016998487 NA 71.3092832911103
121 2015-12-23 67.5911778383047 58.0569057787559 NA 69.4729565573559
122 2015-12-22 66.3987245067428 55.0738423519039 NA 66.8981006145328
123 2015-12-18 66.2824686109081 54.9660314919016 NA 67.8044883056172
124 2015-12-17 67.3287716734206 55.6377272075609 NA 68.1130079527178
125 2015-12-16 66.0665648043579 52.6629849552429 NA 65.0078843488273
126 2015-12-15 66.0997807745964 50.0551923317108 NA 63.7366384355741
127 2015-12-14 66.2658606257889 44.846938193379 NA 64.1833870684086
128 2015-12-11 66.5149804025775 46.0270408931634 NA 66.4835991216142
129 2015-12-10 66.3655085365044 49.8242230106651 NA 65.5981632128269
130 2015-12-09 66.5315883876968 50.0551923317108 NA 66.9800612685468
131 2015-12-08 66.8305321198432 50.0551923317108 NA 67.7193996239229
132 2015-12-07 66.805287982462 52.8853241192683 NA 63.0142684522831
133 2015-12-03 66.6392081312695 54.4242824916703 NA 66.4614108219084
134 2015-12-02 66.7641001793662 57.9532056792038 NA 72.1404823576299
135 2015-12-01 66.68106025377 57.5639372859349 NA 67.8432052140864
136 2015-11-30 66.68106025377 55.0469753465421 NA 67.8617067674113
137 2015-11-25 66.3658083355455 56.2236953187608 NA 65.5086927771938
138 2015-11-24 66.6932112283496 55.2085929471007 NA 69.2513535997799
139 2015-11-20 65.9624104619833 55.477064406366 NA 66.5567799401081
140 2015-11-19 65.6260215756783 53.8508815284167 NA 65.1831444470308
141 2015-11-18 65.9884294260732 52.6629849552429 NA 64.4287200601572
142 2015-11-17 65.723204310968 52.215993983234 NA 66.3609233946965
143 2015-11-16 65.7981313330701 49.9685862922545 NA 66.8271854896829
144 2015-11-13 65.7344037904712 50.5153095662395 NA 62.4365607594965
145 2015-11-12 66.045807555614 52.7187786143367 NA 65.386632279729
146 2015-11-10 66.3600264725347 53.3835806724341 NA 64.010706693948
147 2015-11-09 66.6865236960551 54.5328981208651 NA 70.6295766372109
148 2015-11-06 66.9065463951714 54.5872876420996 NA 67.1941937689724
149 2015-11-05 66.1377049180328 51.5687358036097 NA 63.8785390652237
150 2015-11-04 65.5713728549142 52.1880590435126 NA 67.3138751734334
151 2015-11-03 65.3451522826158 48.09730138027 NA 62.3996979755088
152 2015-11-02 65.2223230490018 47.6818412903314 NA 63.8771048945436
153 2015-10-30 66.1847230474682 48.8925795810824 NA 64.3068364970676
154 2015-10-29 66.1847230474682 50.4006201649367 NA 66.37937809331
155 2015-10-28 66.1913250148544 51.1150815001411 NA 68.7611250285843
156 2015-10-27 66.0856935366739 50.0264356700748 NA 64.703800324416
157 2015-10-26 65.9371492704826 50.4867289100584 NA 65.1770208306519
158 2015-10-23 65.8546246781541 51.878896075938 NA 65.4176833947676
159 2015-10-22 65.316168218129 48.3044931110169 NA 61.7026901822326
160 2015-10-21 65.194427939526 48.5176075551503 NA 64.9500130234654
161 2015-10-20 65.1119033471975 49.3271495168861 NA 66.8421625312347
162 2015-10-19 65.0458836733347 49.8145079611212 NA 64.5676150684082
163 2015-10-16 65.6895754934971 50.8643145462218 NA 66.5921913411356
164 2015-10-15 64.6992803855549 50.2987274899578 NA 69.3358393693041
165 2015-10-14 64.4517066085694 49.3271495168861 NA 67.4033942725678
166 2015-10-13 65.029378754869 50.7234682547411 NA 66.5413728306901
167 2015-10-09 64.8148148148148 53.9546098807313 NA 67.7503746825366
168 2015-10-08 64.3526770977751 53.2213501539099 NA 68.8368603995119
169 2015-10-07 64.4517066085694 53.0029332438002 NA 64.6528791874404
170 2015-10-06 63.7089852776127 50.9770995663857 NA 65.9828004560133
171 2015-10-05 63.7089852776127 50.94899404721 NA 66.3111595487709
172 2015-10-02 63.2138377236416 47.0206774113437 NA 67.4970311335492
173 2015-10-01 63.3788869082987 45.61460812213 NA 70.0211388511232
174 2015-09-30 63.4614115006272 44.3052402211044 NA 68.937266543319
175 2015-09-29 62.962412471925 40.1599540772973 NA 62.5187456208494
176 2015-09-28 64.6457990115321 41.2528887448114 NA 64.3176448256963
177 2015-09-25 64.172268353763 45.7953389169488 NA 64.6748545464801
178 2015-09-24 63.7922009945041 40.981059479336 NA 62.3688764019786
179 2015-09-23 65.3530377668309 44.3205740558253 NA 69.4158476367882
180 2015-09-22 65.106882168926 40.7564394888722 NA 64.1283438126069
181 2015-09-21 64.5505037458021 43.1918853601552 NA 68.2570989250599
182 2015-09-18 64.1642605068977 41.7934305731056 NA 64.7226002020156
183 2015-09-17 65.0773195876289 45.463353854989 NA 64.5670720823177
184 2015-09-16 64.2079144109307 48.6049689940256 NA 63.2464245056466
185 2015-09-15 64.8726964901999 47.3460153298476 NA 66.4945100794057
186 2015-09-14 64.899499447442 44.9473187184331 NA 67.0409051500568
187 2015-09-11 64.7643163225555 46.0059768244258 NA 64.1334890142985
188 2015-09-10 64.650981917169 46.2758623816901 NA 63.0677670932961
189 2015-09-09 64.9889380530973 50.2703658329861 NA 62.8330177559717
190 2015-09-08 64.8642489745426 45.9759665367046 NA 67.8521499538972
191 2015-09-04 65.5726901278503 42.6918591126222 NA 64.6609026032894
192 2015-09-03 65.4058313632782 46.7236819587415 NA 69.8186604194252
193 2015-09-01 64.9265905383361 44.3971979502032 NA 68.5014046189636
194 2015-08-31 65.0481959098606 44.3971979502032 NA 67.019557337911
195 2015-08-28 64.9016542920412 50.2136103084623 NA 68.3973255127241
196 2015-08-27 64.8864892994211 50.4972598952259 NA 67.8779424810628
197 2015-08-26 63.5415996396628 43.5336896374398 NA 65.7195673409699
198 2015-08-25 63.7064407211569 46.8424920389834 NA 66.3756578086349
199 2015-08-24 62.2696657771 40.8686583678094 NA 65.3710217294635
200 2015-08-21 63.5768985322272 50.920578775357 NA 68.1621479170379
201 2015-08-20 63.6851177935261 54.7610049406962 NA 66.577057589297
202 2015-08-19 64.3309251326641 56.1900131095699 NA 68.3034455894146
203 2015-08-18 63.9653740497029 60.1152167238639 NA 68.5861484776716
204 2015-08-17 64.1002628373614 60.5109057499935 NA 68.6569966817566
205 2015-08-14 64.1539052989043 60.6093489580409 NA 67.4262324032243
206 2015-08-13 64.2485882956879 61.3443195816072 NA 67.3447905520233
207 2015-08-12 64.4263972374984 60.4144228472215 NA 67.1051511994519
208 2015-08-11 64.5513520457319 63.7038312110513 NA 70.1860185716423
209 2015-08-10 65.1376737004632 65.2459679955239 NA 70.6995716267412
210 2015-08-07 65.202637192166 66.0601758409327 NA 69.9063333272978
211 2015-08-06 65.1486809004709 66.6647370728362 NA 63.9565174366194
212 2015-08-05 64.6546200179418 67.5939539822836 NA 69.1708723155851
213 2015-08-04 65.5532760610335 64.8121478824632 NA 70.3383262003497
214 2015-08-03 65.3050771496254 64.6057995707553 NA 66.1854813418806
215 2015-07-31 64.718697936691 64.2371579061908 NA 66.5705858691275
216 2015-07-30 64.3859311935422 63.6339918996766 NA 68.6417533967156
217 2015-07-29 64.5367412140575 63.4940993307238 NA 74.1175317065959
218 2015-07-28 65.7894736842105 62.766491585278 NA 71.4642832263208
219 2015-07-27 64.7579920400565 60.5363152595437 NA 67.2641669239857
220 2015-07-24 66.1399548532731 61.8159703795945 NA 71.7789000508184
221 2015-07-23 65.6072900566718 64.1216250546709 NA 71.1874274918021
222 2015-07-22 65.1749728104408 63.7038312110513 NA 70.4631116074105
223 2015-07-21 65.6654456654457 65.767375533364 NA 67.3365205561614
224 2015-07-20 66.5597742432016 65.8350578010102 NA 67.0615066879721
225 2015-07-17 65.2465937440031 64.3524953954339 NA 67.2251955174533
226 2015-07-16 66.2198563365829 64.6746519536988 NA 68.3853326464478
227 2015-07-15 65.093493852459 62.7428999616812 NA 67.2036961134041
228 2015-07-14 65.1470777135517 62.6009262118719 NA 67.8824264923318
229 2015-07-13 66.5013525698828 63.1897643692726 NA 68.3573240569365
230 2015-07-10 65.4500902759866 60.9249497439451 NA 65.4270549319703
231 2015-07-09 65.3473711574706 60.5119537471672 NA 69.201893394554
232 2015-07-08 65.2563016999935 59.3320119450826 NA 69.9547702208224
233 2015-07-07 66.2332187560802 59.1831858515162 NA 66.0451792779591
234 2015-07-06 65.2159979489809 61.5041310271477 NA 71.3800718818041
235 2015-07-02 65.0432553668696 63.8435461214164 NA 68.9664209460359
236 2015-07-01 64.8467984391991 62.1740123182069 NA 66.4312959393267
237 2015-06-30 64.2126009282218 61.983167164018 NA 67.3471196182757
238 2015-06-29 64.9453760162602 63.6339918996766 NA 65.8655153643876
239 2015-06-26 65.0073113357493 66.5530401022431 NA 66.2984515072687
240 2015-06-25 65.186975324345 67.5280255172217 NA 71.3756267683992
241 2015-06-24 65.2830788804071 69.2433438417209 NA 70.3719345566937
242 2015-06-23 65.2222010299447 68.9642318591062 NA 67.4454467303276
243 2015-06-22 64.4952272583602 69.2004804672715 NA 71.2537050388856
244 2015-06-19 63.6250314782171 66.7537695121278 NA 71.7325172674687
245 2015-06-18 63.598010200869 66.0376978580086 NA 68.4960745964473
246 2015-06-17 64.2902609802673 66.7537695121278 NA 65.4375268043911
247 2015-06-16 64.47814679721 67.6598172384348 NA 68.8346598358534
248 2015-06-15 65.3069103075537 68.7703058204908 NA 71.2273728985924
249 2015-06-12 65.4387204522097 70.4119247119899 NA 68.0049616716383
250 2015-06-11 65.8361840831343 71.1654281931745 NA 68.7152847718608
251 2015-06-10 65.3432855028634 71.6010593419531 NA 72.5883134615104
252 2015-06-09 66.5926748057714 71.6630219788157 NA 68.3210343499854
253 2015-06-08 67.107502946183 72.8500579248992 NA 68.2122603692803
254 2015-06-05 66.9247424709665 72.7281222563886 NA 69.7619638733909
255 2015-06-04 66.7914090465343 72.707813477385 NA 67.1550530403611
256 2015-06-03 67.0223077424826 74.0152845913778 NA 72.0678277887707
257 2015-06-02 67.1929023419662 73.8359310544538 NA 69.2731748241843
258 2015-05-29 67.1525247267048 73.495550505733 NA 70.4143339315794
259 2015-05-28 67.0223841749089 73.6758647406598 NA 68.3528637399403
260 2015-05-27 67.2175950026028 74.0152845913778 NA 70.8831877923989
261 2015-05-26 67.3477355543988 72.3411523183945 NA 68.2085924939209
262 2015-05-22 67.1525247267048 73.0726073341372 NA 68.2898748124904
263 2015-05-21 67.2663977095263 71.8279657713725 NA 71.7371363057199
264 2015-05-20 67.3477355543988 72.2323290323088 NA 68.3737282211408
265 2015-05-19 67.8357626236335 70.963790403099 NA 64.8347169351295
266 2015-05-18 67.1648880791254 71.3552901308781 NA 67.6469733088135
267 2015-05-15 67.1850598646538 71.0050650839932 NA 70.2019397609508
268 2015-05-14 67.1037220197814 71.1495439513438 NA 64.4209200367898
269 2015-05-13 68.1611140031234 70.4035510574819 NA 70.6375026216442
270 2015-05-12 66.9898490369599 71.642152311689 NA 68.9052939437248
271 2015-05-11 67.4290733992712 74.1091520404344 NA 69.2441895013276
272 2015-05-08 67.1037220197814 75.8171674465277 NA 69.6743784074022
273 2015-05-07 66.859708485164 73.8331414009238 NA 70.0395685501978
274 2015-05-06 67.1850598646538 74.1288059957009 NA 70.7203297745802
275 2015-05-05 67.8357626236335 72.8374170636715 NA 62.1010984089075
276 2015-05-04 67.2696512233212 72.8374170636715 NA 66.4300714640344
277 2015-04-30 67.3477355543988 77.1432343329103 NA 67.4855654677418
278 2015-04-29 67.2964928173936 76.7107652249235 NA 70.6600791486327
279 2015-04-28 67.8673975463326 77.011993972718 NA 73.2228546118251
280 2015-04-27 68.1250410886858 77.367776178411 NA 72.0263720798737
281 2015-04-24 68.4141114408177 73.5955726862643 NA 74.0711662270588
282 2015-04-23 68.6694566228245 70.0274419561103 NA 67.0476063462095
283 2015-04-22 69.6362064378824 69.0347563422506 NA 65.7614053393572
284 2015-04-21 69.1421683519721 70.2365326802294 NA 70.4367668949624
285 2015-04-20 69.2926583975863 70.2574050037692 NA 70.5077735868056
286 2015-04-17 68.8456653966981 67.4191836081279 NA 69.1367242774044
287 2015-04-16 69.4341902141083 68.8855253807128 NA 65.6782896598782
288 2015-04-15 70.0934579439252 71.1701256040068 NA 64.940612414216
289 2015-04-14 70.2332657200811 70.8811622996065 NA 70.9475194746473
290 2015-04-13 70.9431771615899 71.2318314059648 NA 68.3344911075026
291 2015-04-10 70.8995972971128 70.0064960633422 NA 67.3614136880348
292 2015-04-09 70.5706724570808 68.2856738131999 NA 73.5029884145089
293 2015-04-08 70.1889573840793 64.5227879748382 NA 65.3099358233887
294 2015-04-07 69.6125907990315 64.5000409416523 NA 67.2890398404851
295 2015-04-06 69.5474777448071 64.5000409416523 NA 69.7347107661642
296 2015-04-02 69.5474777448071 63.444642472017 NA 68.8298064013367
297 2015-04-01 69.5936825053996 62.5836357492934 NA 69.183723551267
298 2015-03-31 66.5005501262054 61.4979316056813 NA 68.6369126040207
299 2015-03-30 67.4713610769529 63.675303323269 NA 67.1553316221609
