V1 V2 V3
70 143.085545242564 0.1
70 138.872777100603 0.12
70 134.022192996323 0.14
70 128.980233577308 0.16
70 123.992664103721 0.18
70 119.18055913228 0.2
70 114.596218649387 0.22
70 110.255811911336 0.24
70 106.157199710218 0.26
70 102.28945380807 0.28
70 98.6378922991574 0.3
70 95.1867113284813 0.32
70 91.9203261403747 0.34
70 88.8240174861343 0.36
70 85.8842050426898 0.38
70 83.088522942102 0.4
70 80.4257933632835 0.42
70 77.8859508771523 0.44
70 75.4599463355383 0.46
70 73.1396457806214 0.48
70 70.9177324034375 0.5

71.5 143.652736163238 0.1
71.5 139.716173358582 0.12
71.5 135.062839458058 0.14
71.5 130.147940623593 0.16
71.5 125.235464740994 0.18
71.5 120.462290404518 0.2
71.5 115.892270768936 0.22
71.5 111.549573039304 0.24
71.5 107.437506153583 0.26
71.5 103.548849580663 0.28
71.5 99.8714579275851 0.3
71.5 96.3912754896154 0.32
71.5 93.0939314410843 0.34
71.5 89.9655550547096 0.36
71.5 86.9931620196593 0.38
71.5 84.1648062095529 0.4
71.5 81.4696053142804 0.42
71.5 78.8977011002496 0.44
71.5 76.4401883529604 0.46
71.5 74.0890314420666 0.48
71.5 71.8369788404586 0.5

73 144.145229793603 0.1
73 140.475578467687 0.12
73 136.019980707049 0.14
73 131.236538854162 0.16
73 126.4046710386 0.18
73 121.675919287313 0.2
73 117.125283234844 0.22
73 112.784824933633 0.24
73 108.663316074917 0.26
73 104.757298342935 0.28
73 101.057225680275 0.3
73 97.5508496519212 0.32
73 94.2250649458595 0.34
73 91.0668928852925 0.36
73 88.0639813594742 0.38
73 85.2048338997243 0.4
73 82.4788884244943 0.42
73 79.8765143652879 0.44
73 77.3889674601694 0.46
73 75.0083246255297 0.48
73 72.7274115605084 0.5

74.5 144.57249246386 0.1
74.5 141.159216651558 0.12
74.5 136.900467430032 0.14
74.5 132.251789758638 0.16
74.5 127.505235532162 0.18
74.5 122.825796955233 0.2
74.5 118.299150285203 0.22
74.5 113.965104882862 0.24
74.5 109.837880097159 0.26
74.5 105.917814579776 0.28
74.5 102.198011129508 0.3
74.5 98.6680785729923 0.32
74.5 95.3162222980082 0.34
74.5 92.1303946256655 0.36
74.5 89.0989084827919 0.38
74.5 86.2107444757175 0.4
74.5 83.4556835706289 0.42
74.5 80.8243418666146 0.44
74.5 78.3081519213812 0.46
74.5 75.8993164998351 0.48
74.5 73.5907497311387 0.5

76 144.942864518367 0.1
76 141.774529584017 0.12
76 137.710568341873 0.14
76 133.198987102553 0.16
76 128.54171240516 0.18
76 123.915921946745 0.2
76 119.417446061895 0.22
76 115.093654791125 0.24
76 110.96417321585 0.26
76 107.0331535818 0.28
76 103.296384738885 0.3
76 99.7453742539127 0.32
76 96.369677407141 0.34
76 93.1582121601753 0.36
76 90.0999861611246 0.38
76 87.1844821539183 0.4
76 84.4018451818736 0.42
76 81.7429556309527 0.44
76 79.1994376599894 0.46
76 76.7636323199502 0.48
76 74.4285526766917 0.5

77.5 145.263680598684 0.1
77.5 142.328248537565 0.12
77.5 138.456023980471 0.14
77.5 134.083002549331 0.16
77.5 129.518298617045 0.18
77.5 124.949978308861 0.2
77.5 120.48346048952 0.22
77.5 116.173455186001 0.24
77.5 112.044927183323 0.26
77.5 108.105842378533 0.28
77.5 104.354701476009 0.3
77.5 100.784944335846 0.32
77.5 97.3875097165208 0.34
77.5 94.1523118221205 0.36
77.5 91.0690797390295 0.38
77.5 88.1278211932726 0.4
77.5 85.3190646474879 0.42
77.5 82.6339710894961 0.44
77.5 80.0643700371428 0.46
77.5 77.6027524503928 0.48
77.5 75.2422401817623 0.5

79 145.541379427738 0.1
79 142.826459779872 0.12
79 139.142094431595 0.14
79 134.908325427365 0.16
79 130.438869343083 0.18
79 125.931368229288 0.2
79 121.50022982676 0.22
79 117.207254086452 0.24
79 113.082657938488 0.26
79 109.138205897624 0.28
79 105.375125825037 0.3
79 101.788816063087 0.32
79 98.3716271961027 0.34
79 95.1144964837932 0.36
79 92.0078983789282 0.38
79 89.0423863455242 0.4
79 86.2088900174111 0.42
79 83.4988660691984 0.44
79 80.9043621701472 0.46
79 78.4180300439106 0.48
79 76.0331095605131 0.5

80.5 145.781603651425 0.1
80.5 143.274664004727 0.12
80.5 139.77360193365 0.14
80.5 135.679097652831 0.16
80.5 131.307008746627 0.18
80.5 126.863240163436 0.2
80.5 122.47056287341 0.22
80.5 118.197591685169 0.24
80.5 114.079689005733 0.26
80.5 110.132389242458 0.28
80.5 106.35965306081 0.3
80.5 102.758856644484 0.32
80.5 99.323785864365 0.34
80.5 96.0464242995967 0.36
80.5 92.9180130774326 0.38
80.5 89.9296701898591 0.4
80.5 87.0727426949825 0.42
80.5 84.3389968790059 0.44
80.5 81.7207104440917 0.46
80.5 79.2107060073967 0.48
80.5 76.8023501032417 0.5

82 145.989290303676 0.1
82 143.677830432399 0.12
82 140.35496910923 0.14
82 136.399144600258 0.16
82 132.126036883574 0.18
82 127.748513245775 0.2
82 123.397063603791 0.22
82 119.146821593421 0.24
82 115.038171586951 0.26
82 111.090376787836 0.28
82 107.310127460138 0.3
82 103.696790665381 0.32
82 100.245606468511 0.34
82 96.9496247100992 0.36
82 93.8008720402002 0.38
82 90.7910479190153 0.4
82 87.9119316697082 0.42
82 85.1556120206562 0.44
82 82.5146077287654 0.46
82 79.9819217502794 0.48
82 77.551055379297 0.5

83.5 146.168752475277 0.1
83.5 144.040446105671 0.12
83.5 140.890253419527 0.14
83.5 137.072002548817 0.16
83.5 132.899033372174 0.18
83.5 128.58989861029 0.2
83.5 124.282150836374 0.22
83.5 120.057129240339 0.24
83.5 115.96010191954 0.26
83.5 112.014008647195 0.28
83.5 108.228257984706 0.3
83.5 104.604215066021 0.32
83.5 101.138588821045 0.34
83.5 97.8255121878114 0.36
83.5 94.6578138795972 0.38
83.5 91.6277900253151 0.4
83.5 88.7276657233811 0.42
83.5 85.9498639428345 0.44
83.5 83.2871547057501 0.46
83.5 80.7327301069414 0.48
83.5 78.2802337751108 0.5

85 146.323752778137 0.1
85 144.366560828405 0.12
85 141.383178324342 0.14
85 137.700943207843 0.16
85 133.628858334437 0.18
85 129.389918119103 0.2
85 125.128075426523 0.22
85 120.930547899108 0.24
85 116.847336357504 0.26
85 112.904994953073 0.28
85 109.11563186199 0.3
85 105.482612097945 0.32
85 102.004124189966 0.34
85 98.6753981081613 0.36
85 95.4900790054386 0.38
85 92.4410732442437 0.4
85 89.5210639550649 0.42
85 86.7228191725984 0.44
85 84.0393696284895 0.46
85 81.4641047453156 0.48
85 78.9908175692741 0.5

86.5 146.457569201587 0.1
86.5 144.659828134147 0.12
86.5 141.837161544233 0.14
86.5 138.288995729661 0.16
86.5 134.31817101777 0.18
86.5 130.150920901369 0.2
86.5 125.936935374375 0.22
86.5 121.768972720279 0.24
86.5 117.701604543462 0.26
86.5 113.764928306027 0.28
86.5 109.973726407097 0.3
86.5 106.333360589322 0.32
86.5 102.843506061928 0.34
86.5 99.5005010539178 0.36
86.5 96.2988195064116 0.38
86.5 93.2319900429833 0.4
86.5 90.2931649025921 0.42
86.5 87.475467092379 0.44
86.5 84.7721967746887 0.46
86.5 82.1769483124328 0.48
86.5 79.6836707872059 0.5

88 146.573053954408 0.1
88 144.923542626907 0.12
88 142.255340754895 0.14
88 138.838966543913 0.16
88 134.96944642957 0.18
88 130.875098029198 0.2
88 126.710689166004 0.22
88 122.574173080578 0.24
88 118.524520969675 0.26
88 114.595294679904 0.28
88 110.803919363333 0.3
88 107.157745787242 0.32
88 103.657939537008 0.34
88 100.301955802666 0.36
88 97.0851077631334 0.38
88 94.0015568865741 0.4
88 91.0449344853211 0.42
88 88.2087275797137 0.44
88 85.4865138009358 0.46
88 82.8720995198506 0.48
88 80.3595960316695 0.5

89.5 146.672685875591 0.1
89.5 145.160674000411 0.12
89.5 142.640596992116 0.14
89.5 139.353457289738 0.16
89.5 135.584990258141 0.18
89.5 131.564495598141 0.2
89.5 127.451167608009 0.22
89.5 123.347803499119 0.24
89.5 119.317595171524 0.26
89.5 115.397483018402 0.28
89.5 111.607497988152 0.3
89.5 107.956967995616 0.32
89.5 104.448549565996 0.34
89.5 101.080821200847 0.36
89.5 97.84994398927 0.38
89.5 94.7507214713491 0.4
89.5 91.777272951317 0.42
89.5 88.9234576866713 0.44
89.5 86.1831381705661 0.46
89.5 83.5503393342958 0.48
89.5 81.0193404490139 0.5

91 146.758616979258 0.1
91 145.373898013153 0.12
91 142.995576004702 0.14
91 139.83488107655 0.16
91 136.166952306223 0.18
91 132.221026433031 0.2
91 128.160084369755 0.22
91 124.091413328251 0.24
91 120.082240753523 0.26
91 116.172793715931 0.28
91 112.38566707063 0.3
91 108.732150188162 0.32
91 105.216388203312 0.34
91 101.838087091363 0.36
91 98.5942628618757 0.38
91 95.4803690812174 0.4
91 92.4910209791873 0.42
91 89.6204575040976 0.44
91 86.8628327950108 0.46
91 84.2123964090826 0.48
91 81.6636009622184 0.5

92.5 146.832713675714 0.1
92.5 145.565624672272 0.12
92.5 143.322707760032 0.14
92.5 140.285477267711 0.16
92.5 136.717338626016 0.18
92.5 132.846480602587 0.2
92.5 128.839045410881 0.22
92.5 124.8064553906 0.24
92.5 120.819783413382 0.26
92.5 116.922446142372 0.28
92.5 113.139556034275 0.3
92.5 109.484344744766 0.32
92.5 105.962441018525 0.34
92.5 102.574680432638 0.36
92.5 99.3189393739888 0.38
92.5 96.1913281951974 0.4
92.5 93.1869650585524 0.42
92.5 90.3004753304254 0.44
92.5 87.5263110043271 0.46
92.5 84.858951868128 0.48
92.5 82.2930288788494 0.5

94 146.896593182823 0.1
94 145.738023858504 0.12
94 143.624224280384 0.14
94 140.707324952152 0.16
94 137.238022514456 0.18
94 133.442534896261 0.2
94 129.489557442269 0.22
94 125.494293705257 0.24
94 121.531468101871 0.26
94 117.647585344431 0.28
94 113.870225253031 0.3
94 110.214539434406 0.32
94 106.687632785212 0.34
94 103.29147072363 0.36
94 100.024794019929 0.38
94 96.8843754527788 0.4
94 93.8658422520325 0.42
94 90.9642122444075 0.44
94 88.1742409428963 0.46
94 85.4906435353265 0.48
94 82.9082339636051 0.5

95.5 146.951655610786 0.1
95.5 145.893048606121 0.12
95.5 143.902175966363 0.14
95.5 141.102355245188 0.16
95.5 137.730754503128 0.18
95.5 134.010761392507 0.2
95.5 130.113035544874 0.22
95.5 126.156210422881 0.24
95.5 122.218465433807 0.26
95.5 118.349288034591 0.28
95.5 114.578671687356 0.3
95.5 110.923662747584 0.32
95.5 107.392832546352 0.34
95.5 103.9892748304 0.36
95.5 100.712597405493 0.38
95.5 97.5602400660585 0.4
95.5 94.5283444246041 0.42
95.5 91.6123261646672 0.44
95.5 88.8072494703601 0.46
95.5 86.1080696866535 0.48
95.5 83.5097880502282 0.5

97 146.999112170437 0.1
97 146.032456235335 0.12
97 144.158446545688 0.14
97 141.472362540318 0.16
97 138.197171457297 0.18
97 134.552635227903 0.2
97 130.710810051455 0.22
97 126.793412070648 0.24
97 122.881877447175 0.26
97 119.028567960995 0.28
97 115.265833930165 0.3
97 111.61258866471 0.32
97 108.078858139495 0.34
97 104.668861294471 0.36
97 101.383074360393 0.38
97 98.2196077532628 0.4
97 95.1751220123208 0.42
97 92.245435465571 0.44
97 89.4259256349222 0.46
97 86.711792389849 0.48
97 84.0982282554645 0.5

98.5 147.040009921127 0.1
98.5 146.157827519705 0.12
98.5 144.394766770366 0.14
98.5 141.819014817709 0.16
98.5 138.638804882224 0.18
98.5 135.069541660355 0.2
98.5 131.284132780358 0.22
98.5 127.407035192557 0.24
98.5 123.52274279249 0.26
98.5 119.686380737132 0.28
98.5 115.932596738485 0.3
98.5 112.282140933402 0.32
98.5 108.746480251971 0.34
98.5 105.330954190631 0.36
98.5 102.036907618166 0.38
98.5 98.8631242565423 0.4
98.5 95.8067873910746 0.42
98.5 92.8641222079878 0.44
98.5 90.0308237755627 0.46
98.5 87.3023404863069 0.48
98.5 84.674059847853 0.5

100 147.075253440208 0.1
100 146.2705840573 0.12
100 144.612726972337 0.14
100 142.143863101669 0.16
100 139.057088521398 0.18
100 135.562782506219 0.2
100 131.834182697454 0.22
100 127.998151457856 0.24
100 124.142041422164 0.26
100 120.323628198291 0.28
100 116.579795115162 0.3
100 112.93309691657 0.32
100 109.396426065663 0.34
100 105.976236591534 0.36
100 102.674741118787 0.38
100 99.4913984972968 0.4
100 96.4239178967629 0.42
100 93.4689350345043 0.44
100 90.6224663010244 0.46
100 87.880212261392 0.48
100 85.2377588160055 0.5
